-2.00000000 -2.00000000 0.03885652
-2.00000000 -1.90000000 0.03803471
-2.00000000 -1.80000000 0.03399692
-2.00000000 -1.70000000 0.02940909
-2.00000000 -1.60000000 0.02520653
-2.00000000 -1.50000000 0.02159645
-2.00000000 -1.40000000 0.01855974
-2.00000000 -1.30000000 0.01601860
-2.00000000 -1.20000000 0.01388955
-2.00000000 -1.10000000 0.01209871
-2.00000000 -1.00000000 0.01058477
-2.00000000 -0.90000000 0.00929805
-2.00000000 -0.80000000 0.00819863
-2.00000000 -0.70000000 0.00725443
-2.00000000 -0.60000000 0.00643962
-2.00000000 -0.50000000 0.00573330
-2.00000000 -0.40000000 0.00511843
-2.00000000 -0.30000000 0.00458109
-2.00000000 -0.20000000 0.00410979
-2.00000000 -0.10000000 0.00369501
-2.00000000 0.00000000 0.00332884
-2.00000000 0.10000000 0.00300462
-2.00000000 0.20000000 0.00271677
-2.00000000 0.30000000 0.00246057
-2.00000000 0.40000000 0.00223198
-2.00000000 0.50000000 0.00202757
-2.00000000 0.60000000 0.00184442
-2.00000000 0.70000000 0.00167997
-2.00000000 0.80000000 0.00153206
-2.00000000 0.90000000 0.00139878
-2.00000000 1.00000000 0.00127849
-2.00000000 1.10000000 0.00116976
-2.00000000 1.20000000 0.00107133
-2.00000000 1.30000000 0.00098210
-2.00000000 1.40000000 0.00090110
-2.00000000 1.50000000 0.00082749
-2.00000000 1.60000000 0.00076050
-2.00000000 1.70000000 0.00069948
-2.00000000 1.80000000 0.00064383
-2.00000000 1.90000000 0.00059303
-2.00000000 2.00000000 0.00054661
-1.90000000 -2.00000000 0.03803471
-1.90000000 -1.90000000 0.04312327
-1.90000000 -1.80000000 0.04223733
-1.90000000 -1.70000000 0.03776060
-1.90000000 -1.60000000 0.03266598
-1.90000000 -1.50000000 0.02799736
-1.90000000 -1.40000000 0.02398649
-1.90000000 -1.30000000 0.02061261
-1.90000000 -1.20000000 0.01778943
-1.90000000 -1.10000000 0.01542419
-1.90000000 -1.00000000 0.01343481
-1.90000000 -0.90000000 0.01175311
-1.90000000 -0.80000000 0.01032390
-1.90000000 -0.70000000 0.00910279
-1.90000000 -0.60000000 0.00805415
-1.90000000 -0.50000000 0.00714926
-1.90000000 -0.40000000 0.00636488
-1.90000000 -0.30000000 0.00568209
-1.90000000 -0.20000000 0.00508542
-1.90000000 -0.10000000 0.00456211
-1.90000000 0.00000000 0.00410157
-1.90000000 0.10000000 0.00369501
-1.90000000 0.20000000 0.00333505
-1.90000000 0.30000000 0.00301548
-1.90000000 0.40000000 0.00273105
-1.90000000 0.50000000 0.00247728
-1.90000000 0.60000000 0.00225037
-1.90000000 0.70000000 0.00204705
-1.90000000 0.80000000 0.00186450
-1.90000000 0.90000000 0.00170031
-1.90000000 1.00000000 0.00155237
-1.90000000 1.10000000 0.00141886
-1.90000000 1.20000000 0.00129817
-1.90000000 1.30000000 0.00118891
-1.90000000 1.40000000 0.00108988
-1.90000000 1.50000000 0.00099998
-1.90000000 1.60000000 0.00091828
-1.90000000 1.70000000 0.00084393
-1.90000000 1.80000000 0.00077621
-1.90000000 1.90000000 0.00071445
-1.90000000 2.00000000 0.00065806
-1.80000000 -2.00000000 0.03399692
-1.80000000 -1.90000000 0.04223733
-1.80000000 -1.80000000 0.04795457
-1.80000000 -1.70000000 0.04700056
-1.80000000 -1.60000000 0.04202761
-1.80000000 -1.50000000 0.03635865
-1.80000000 -1.40000000 0.03116150
-1.80000000 -1.30000000 0.02669606
-1.80000000 -1.20000000 0.02293977
-1.80000000 -1.10000000 0.01979671
-1.80000000 -1.00000000 0.01716362
-1.80000000 -0.90000000 0.01494907
-1.80000000 -0.80000000 0.01307717
-1.80000000 -0.70000000 0.01148640
-1.80000000 -0.60000000 0.01012734
-1.80000000 -0.50000000 0.00896029
-1.80000000 -0.40000000 0.00795328
-1.80000000 -0.30000000 0.00708043
-1.80000000 -0.20000000 0.00632067
-1.80000000 -0.10000000 0.00565676
-1.80000000 0.00000000 0.00507450
-1.80000000 0.10000000 0.00456211
-1.80000000 0.20000000 0.00410979
-1.80000000 0.30000000 0.00370933
-1.80000000 0.40000000 0.00335381
-1.80000000 0.50000000 0.00303740
-1.80000000 0.60000000 0.00275510
-1.80000000 0.70000000 0.00250269
-1.80000000 0.80000000 0.00227653
-1.80000000 0.90000000 0.00207349
-1.80000000 1.00000000 0.00189086
-1.80000000 1.10000000 0.00172631
-1.80000000 1.20000000 0.00157781
-1.80000000 1.30000000 0.00144358
-1.80000000 1.40000000 0.00132207
-1.80000000 1.50000000 0.00121192
-1.80000000 1.60000000 0.00111194
-1.80000000 1.70000000 0.00102108
-1.80000000 1.80000000 0.00093840
-1.80000000 1.90000000 0.00086308
-1.80000000 2.00000000 0.00079440
-1.70000000 -2.00000000 0.02940909
-1.70000000 -1.90000000 0.03776060
-1.70000000 -1.80000000 0.04700056
-1.70000000 -1.70000000 0.05344210
-1.70000000 -1.60000000 0.05241632
-1.70000000 -1.50000000 0.04688072
-1.70000000 -1.40000000 0.04055878
-1.70000000 -1.30000000 0.03476037
-1.70000000 -1.20000000 0.02977769
-1.70000000 -1.10000000 0.02558627
-1.70000000 -1.00000000 0.02207924
-1.70000000 -0.90000000 0.01914141
-1.70000000 -0.80000000 0.01667072
-1.70000000 -0.70000000 0.01458244
-1.70000000 -0.60000000 0.01280791
-1.70000000 -0.50000000 0.01129195
-1.70000000 -0.40000000 0.00999026
-1.70000000 -0.30000000 0.00886712
-1.70000000 -0.20000000 0.00789367
-1.70000000 -0.10000000 0.00704639
-1.70000000 0.00000000 0.00630604
-1.70000000 0.10000000 0.00565676
-1.70000000 0.20000000 0.00508542
-1.70000000 0.30000000 0.00458109
-1.70000000 0.40000000 0.00413460
-1.70000000 0.50000000 0.00373823
-1.70000000 0.60000000 0.00338546
-1.70000000 0.70000000 0.00307075
-1.70000000 0.80000000 0.00278936
-1.70000000 0.90000000 0.00253724
-1.70000000 1.00000000 0.00231090
-1.70000000 1.10000000 0.00210732
-1.70000000 1.20000000 0.00192390
-1.70000000 1.30000000 0.00175837
-1.70000000 1.40000000 0.00160875
-1.70000000 1.50000000 0.00147332
-1.70000000 1.60000000 0.00135055
-1.70000000 1.70000000 0.00123911
-1.70000000 1.80000000 0.00113784
-1.70000000 1.90000000 0.00104570
-1.70000000 2.00000000 0.00096176
-1.60000000 -2.00000000 0.02520653
-1.60000000 -1.90000000 0.03266598
-1.60000000 -1.80000000 0.04202761
-1.60000000 -1.70000000 0.05241632
-1.60000000 -1.60000000 0.05969574
-1.60000000 -1.50000000 0.05859497
-1.60000000 -1.40000000 0.05241937
-1.60000000 -1.30000000 0.04535255
-1.60000000 -1.20000000 0.03886776
-1.60000000 -1.10000000 0.03329452
-1.60000000 -1.00000000 0.02860626
-1.60000000 -0.90000000 0.02468367
-1.60000000 -0.80000000 0.02139793
-1.60000000 -0.70000000 0.01863484
-1.60000000 -0.60000000 0.01629958
-1.60000000 -0.50000000 0.01431532
-1.60000000 -0.40000000 0.01262030
-1.60000000 -0.30000000 0.01116495
-1.60000000 -0.20000000 0.00990931
-1.60000000 -0.10000000 0.00882108
-1.60000000 0.00000000 0.00787395
-1.60000000 0.10000000 0.00704639
-1.60000000 0.20000000 0.00632067
-1.60000000 0.30000000 0.00568209
-1.60000000 0.40000000 0.00511843
-1.60000000 0.50000000 0.00461943
-1.60000000 0.60000000 0.00417647
-1.60000000 0.70000000 0.00378225
-1.60000000 0.80000000 0.00343057
-1.60000000 0.90000000 0.00311614
-1.60000000 1.00000000 0.00283442
-1.60000000 1.10000000 0.00258151
-1.60000000 1.20000000 0.00235405
-1.60000000 1.30000000 0.00214912
-1.60000000 1.40000000 0.00196417
-1.60000000 1.50000000 0.00179701
-1.60000000 1.60000000 0.00164570
-1.60000000 1.70000000 0.00150854
-1.60000000 1.80000000 0.00138405
-1.60000000 1.90000000 0.00127092
-1.60000000 2.00000000 0.00116798
-1.50000000 -2.00000000 0.02159645
-1.50000000 -1.90000000 0.02799736
-1.50000000 -1.80000000 0.03635865
-1.50000000 -1.70000000 0.04688072
-1.50000000 -1.60000000 0.05859497
-1.50000000 -1.50000000 0.06684800
-1.50000000 -1.40000000 0.06566985
-1.50000000 -1.30000000 0.05876376
-1.50000000 -1.20000000 0.05084411
-1.50000000 -1.10000000 0.04357287
-1.50000000 -1.00000000 0.03732282
-1.50000000 -0.90000000 0.03206516
-1.50000000 -0.80000000 0.02766634
-1.50000000 -0.70000000 0.02398192
-1.50000000 -0.60000000 0.02088380
-1.50000000 -0.50000000 0.01826559
-1.50000000 -0.40000000 0.01604106
-1.50000000 -0.30000000 0.01414094
-1.50000000 -0.20000000 0.01250960
-1.50000000 -0.10000000 0.01110222
-1.50000000 0.00000000 0.00988255
-1.50000000 0.10000000 0.00882108
-1.50000000 0.20000000 0.00789367
-1.50000000 0.30000000 0.00708043
-1.50000000 0.40000000 0.00636488
-1.50000000 0.50000000 0.00573330
-1.50000000 0.60000000 0.00517420
-1.50000000 0.70000000 0.00467790
-1.50000000 0.80000000 0.00423624
-1.50000000 0.90000000 0.00384225
-1.50000000 1.00000000 0.00349000
-1.50000000 1.10000000 0.00317440
-1.50000000 1.20000000 0.00289110
-1.50000000 1.30000000 0.00263630
-1.50000000 1.40000000 0.00240675
-1.50000000 1.50000000 0.00219959
-1.50000000 1.60000000 0.00201236
-1.50000000 1.70000000 0.00184288
-1.50000000 1.80000000 0.00168926
-1.50000000 1.90000000 0.00154983
-1.50000000 2.00000000 0.00142312
-1.40000000 -2.00000000 0.01855974
-1.40000000 -1.90000000 0.02398649
-1.40000000 -1.80000000 0.03116150
-1.40000000 -1.70000000 0.04055878
-1.40000000 -1.60000000 0.05241937
-1.40000000 -1.50000000 0.06566985
-1.40000000 -1.40000000 0.07505955
-1.40000000 -1.30000000 0.07380293
-1.40000000 -1.20000000 0.06606001
-1.40000000 -1.10000000 0.05716009
-1.40000000 -1.00000000 0.04898415
-1.40000000 -0.90000000 0.04195534
-1.40000000 -0.80000000 0.03604250
-1.40000000 -0.70000000 0.03109574
-1.40000000 -0.60000000 0.02695265
-1.40000000 -0.50000000 0.02346911
-1.40000000 -0.40000000 0.02052543
-1.40000000 -0.30000000 0.01802457
-1.40000000 -0.20000000 0.01588858
-1.40000000 -0.10000000 0.01405486
-1.40000000 0.00000000 0.01247300
-1.40000000 0.10000000 0.01110222
-1.40000000 0.20000000 0.00990931
-1.40000000 0.30000000 0.00886712
-1.40000000 0.40000000 0.00795328
-1.40000000 0.50000000 0.00714926
-1.40000000 0.60000000 0.00643962
-1.40000000 0.70000000 0.00581145
-1.40000000 0.80000000 0.00525388
-1.40000000 0.90000000 0.00475769
-1.40000000 1.00000000 0.00431508
-1.40000000 1.10000000 0.00391938
-1.40000000 1.20000000 0.00356487
-1.40000000 1.30000000 0.00324664
-1.40000000 1.40000000 0.00296044
-1.40000000 1.50000000 0.00270261
-1.40000000 1.60000000 0.00246993
-1.40000000 1.70000000 0.00225964
-1.40000000 1.80000000 0.00206930
-1.40000000 1.90000000 0.00189677
-1.40000000 2.00000000 0.00174019
-1.30000000 -2.00000000 0.01601860
-1.30000000 -1.90000000 0.02061261
-1.30000000 -1.80000000 0.02669606
-1.30000000 -1.70000000 0.03476037
-1.30000000 -1.60000000 0.04535255
-1.30000000 -1.50000000 0.05876376
-1.30000000 -1.40000000 0.07380293
-1.30000000 -1.30000000 0.08452642
-1.30000000 -1.20000000 0.08319219
-1.30000000 -1.10000000 0.07448680
-1.30000000 -1.00000000 0.06445537
-1.30000000 -0.90000000 0.05523423
-1.30000000 -0.80000000 0.04730551
-1.30000000 -0.70000000 0.04063552
-1.30000000 -0.60000000 0.03505558
-1.30000000 -0.50000000 0.03038252
-1.30000000 -0.40000000 0.02645372
-1.30000000 -0.30000000 0.02313405
-1.30000000 -0.20000000 0.02031401
-1.30000000 -0.10000000 0.01790560
-1.30000000 0.00000000 0.01583819
-1.30000000 0.10000000 0.01405486
-1.30000000 0.20000000 0.01250960
-1.30000000 0.30000000 0.01116495
-1.30000000 0.40000000 0.00999026
-1.30000000 0.50000000 0.00896029
-1.30000000 0.60000000 0.00805415
-1.30000000 0.70000000 0.00725443
-1.30000000 0.80000000 0.00654655
-1.30000000 0.90000000 0.00591825
-1.30000000 1.00000000 0.00535915
-1.30000000 1.10000000 0.00486045
-1.30000000 1.20000000 0.00441461
-1.30000000 1.30000000 0.00401520
-1.30000000 1.40000000 0.00365668
-1.30000000 1.50000000 0.00333426
-1.30000000 1.60000000 0.00304379
-1.30000000 1.70000000 0.00278168
-1.30000000 1.80000000 0.00254480
-1.30000000 1.90000000 0.00233039
-1.30000000 2.00000000 0.00213605
-1.20000000 -2.00000000 0.01388955
-1.20000000 -1.90000000 0.01778943
-1.20000000 -1.80000000 0.02293977
-1.20000000 -1.70000000 0.02977769
-1.20000000 -1.60000000 0.03886776
-1.20000000 -1.50000000 0.05084411
-1.20000000 -1.40000000 0.06606001
-1.20000000 -1.30000000 0.08319219
-1.20000000 -1.20000000 0.09548915
-1.20000000 -1.10000000 0.09408102
-1.20000000 -1.00000000 0.08426395
-1.20000000 -0.90000000 0.07292049
-1.20000000 -0.80000000 0.06248629
-1.20000000 -0.70000000 0.05351283
-1.20000000 -0.60000000 0.04596383
-1.20000000 -0.50000000 0.03964884
-1.20000000 -0.40000000 0.03436061
-1.20000000 -0.30000000 0.02991501
-1.20000000 -0.20000000 0.02615901
-1.20000000 -0.10000000 0.02296861
-1.20000000 0.00000000 0.02024414
-1.20000000 0.10000000 0.01790560
-1.20000000 0.20000000 0.01588858
-1.20000000 0.30000000 0.01414094
-1.20000000 0.40000000 0.01262030
-1.20000000 0.50000000 0.01129195
-1.20000000 0.60000000 0.01012734
-1.20000000 0.70000000 0.00910279
-1.20000000 0.80000000 0.00819863
-1.20000000 0.90000000 0.00739834
-1.20000000 1.00000000 0.00668805
-1.20000000 1.10000000 0.00605603
-1.20000000 1.20000000 0.00549231
-1.20000000 1.30000000 0.00498836
-1.20000000 1.40000000 0.00453691
-1.20000000 1.50000000 0.00413169
-1.20000000 1.60000000 0.00376729
-1.20000000 1.70000000 0.00343902
-1.20000000 1.80000000 0.00314281
-1.20000000 1.90000000 0.00287510
-1.20000000 2.00000000 0.00263281
-1.10000000 -2.00000000 0.01209871
-1.10000000 -1.90000000 0.01542419
-1.10000000 -1.80000000 0.01979671
-1.10000000 -1.70000000 0.02558627
-1.10000000 -1.60000000 0.03329452
-1.10000000 -1.50000000 0.04357287
-1.10000000 -1.40000000 0.05716009
-1.10000000 -1.30000000 0.07448680
-1.10000000 -1.20000000 0.09408102
-1.10000000 -1.10000000 0.10824463
-1.10000000 -1.00000000 0.10677037
-1.10000000 -0.90000000 0.09566337
-1.10000000 -0.80000000 0.08279121
-1.10000000 -0.70000000 0.07094219
-1.10000000 -0.60000000 0.06074991
-1.10000000 -0.50000000 0.05217538
-1.10000000 -0.40000000 0.04500288
-1.10000000 -0.30000000 0.03899706
-1.10000000 -0.20000000 0.03394869
-1.10000000 -0.10000000 0.02968385
-1.10000000 0.00000000 0.02606158
-1.10000000 0.10000000 0.02296861
-1.10000000 0.20000000 0.02031401
-1.10000000 0.30000000 0.01802457
-1.10000000 0.40000000 0.01604106
-1.10000000 0.50000000 0.01431532
-1.10000000 0.60000000 0.01280791
-1.10000000 0.70000000 0.01148640
-1.10000000 0.80000000 0.01032390
-1.10000000 0.90000000 0.00929805
-1.10000000 1.00000000 0.00839011
-1.10000000 1.10000000 0.00758433
-1.10000000 1.20000000 0.00686737
-1.10000000 1.30000000 0.00622791
-1.10000000 1.40000000 0.00565629
-1.10000000 1.50000000 0.00514424
-1.10000000 1.60000000 0.00468464
-1.10000000 1.70000000 0.00427135
-1.10000000 1.80000000 0.00389905
-1.10000000 1.90000000 0.00356313
-1.10000000 2.00000000 0.00325954
-1.00000000 -2.00000000 0.01058477
-1.00000000 -1.90000000 0.01343481
-1.00000000 -1.80000000 0.01716362
-1.00000000 -1.70000000 0.02207924
-1.00000000 -1.60000000 0.02860626
-1.00000000 -1.50000000 0.03732282
-1.00000000 -1.40000000 0.04898415
-1.00000000 -1.30000000 0.06445537
-1.00000000 -1.20000000 0.08426395
-1.00000000 -1.10000000 0.10677037
-1.00000000 -1.00000000 0.12316121
-1.00000000 -0.90000000 0.12163411
-1.00000000 -0.80000000 0.10902303
-1.00000000 -0.70000000 0.09436055
-1.00000000 -0.60000000 0.08085284
-1.00000000 -0.50000000 0.06923124
-1.00000000 -0.40000000 0.05945402
-1.00000000 -0.30000000 0.05127593
-1.00000000 -0.20000000 0.04442870
-1.00000000 -0.10000000 0.03867364
-1.00000000 0.00000000 0.03381231
-1.00000000 0.10000000 0.02968385
-1.00000000 0.20000000 0.02615901
-1.00000000 0.30000000 0.02313405
-1.00000000 0.40000000 0.02052543
-1.00000000 0.50000000 0.01826559
-1.00000000 0.60000000 0.01629958
-1.00000000 0.70000000 0.01458244
-1.00000000 0.80000000 0.01307717
-1.00000000 0.90000000 0.01175311
-1.00000000 1.00000000 0.01058477
-1.00000000 1.10000000 0.00955078
-1.00000000 1.20000000 0.00863318
-1.00000000 1.30000000 0.00781677
-1.00000000 1.40000000 0.00708865
-1.00000000 1.50000000 0.00643781
-1.00000000 1.60000000 0.00585482
-1.00000000 1.70000000 0.00533157
-1.00000000 1.80000000 0.00486107
-1.00000000 1.90000000 0.00443725
-1.00000000 2.00000000 0.00405484
-0.90000000 -2.00000000 0.00929805
-0.90000000 -1.90000000 0.01175311
-0.90000000 -1.80000000 0.01494907
-0.90000000 -1.70000000 0.01914141
-0.90000000 -1.60000000 0.02468367
-0.90000000 -1.50000000 0.03206516
-0.90000000 -1.40000000 0.04195534
-0.90000000 -1.30000000 0.05523423
-0.90000000 -1.20000000 0.07292049
-0.90000000 -1.10000000 0.09566337
-0.90000000 -1.00000000 0.12163411
-0.90000000 -0.90000000 0.14069754
-0.90000000 -0.80000000 0.13913812
-0.90000000 -0.70000000 0.12476415
-0.90000000 -0.60000000 0.10799373
-0.90000000 -0.50000000 0.09253096
-0.90000000 -0.40000000 0.07922413
-0.90000000 -0.30000000 0.06802884
-0.90000000 -0.20000000 0.05866516
-0.90000000 -0.10000000 0.05082601
-0.90000000 0.00000000 0.04423798
-0.90000000 0.10000000 0.03867364
-0.90000000 0.20000000 0.03394869
-0.90000000 0.30000000 0.02991501
-0.90000000 0.40000000 0.02645372
-0.90000000 0.50000000 0.02346911
-0.90000000 0.60000000 0.02088380
-0.90000000 0.70000000 0.01863484
-0.90000000 0.80000000 0.01667072
-0.90000000 0.90000000 0.01494907
-0.90000000 1.00000000 0.01343481
-0.90000000 1.10000000 0.01209871
-0.90000000 1.20000000 0.01091634
-0.90000000 1.30000000 0.00986711
-0.90000000 1.40000000 0.00893366
-0.90000000 1.50000000 0.00810119
-0.90000000 1.60000000 0.00735712
-0.90000000 1.70000000 0.00669065
-0.90000000 1.80000000 0.00609250
-0.90000000 1.90000000 0.00555467
-0.90000000 2.00000000 0.00507022
-0.80000000 -2.00000000 0.00819863
-0.80000000 -1.90000000 0.01032390
-0.80000000 -1.80000000 0.01307717
-0.80000000 -1.70000000 0.01667072
-0.80000000 -1.60000000 0.02139793
-0.80000000 -1.50000000 0.02766634
-0.80000000 -1.40000000 0.03604250
-0.80000000 -1.30000000 0.04730551
-0.80000000 -1.20000000 0.06248629
-0.80000000 -1.10000000 0.08279121
-0.80000000 -1.00000000 0.10902303
-0.80000000 -0.90000000 0.13913812
-0.80000000 -0.80000000 0.16142524
-0.80000000 -0.70000000 0.15986264
-0.80000000 -0.60000000 0.14341115
-0.80000000 -0.50000000 0.12414538
-0.80000000 -0.40000000 0.10636578
-0.80000000 -0.30000000 0.09106130
-0.80000000 -0.20000000 0.07818498
-0.80000000 -0.10000000 0.06741597
-0.80000000 0.00000000 0.05840118
-0.80000000 0.10000000 0.05082601
-0.80000000 0.20000000 0.04442870
-0.80000000 0.30000000 0.03899706
-0.80000000 0.40000000 0.03436061
-0.80000000 0.50000000 0.03038252
-0.80000000 0.60000000 0.02695265
-0.80000000 0.70000000 0.02398192
-0.80000000 0.80000000 0.02139793
-0.80000000 0.90000000 0.01914141
-0.80000000 1.00000000 0.01716362
-0.80000000 1.10000000 0.01542419
-0.80000000 1.20000000 0.01388955
-0.80000000 1.30000000 0.01253156
-0.80000000 1.40000000 0.01132658
-0.80000000 1.50000000 0.01025461
-0.80000000 1.60000000 0.00929867
-0.80000000 1.70000000 0.00844429
-0.80000000 1.80000000 0.00767905
-0.80000000 1.90000000 0.00699230
-0.80000000 2.00000000 0.00637483
-0.70000000 -2.00000000 0.00725443
-0.70000000 -1.90000000 0.00910279
-0.70000000 -1.80000000 0.01148640
-0.70000000 -1.70000000 0.01458244
-0.70000000 -1.60000000 0.01863484
-0.70000000 -1.50000000 0.02398192
-0.70000000 -1.40000000 0.03109574
-0.70000000 -1.30000000 0.04063552
-0.70000000 -1.20000000 0.05351283
-0.70000000 -1.10000000 0.07094219
-0.70000000 -1.00000000 0.09436055
-0.70000000 -0.90000000 0.12476415
-0.70000000 -0.80000000 0.15986264
-0.70000000 -0.70000000 0.18605311
-0.70000000 -0.60000000 0.18452467
-0.70000000 -0.50000000 0.16561121
-0.70000000 -0.40000000 0.14337632
-0.70000000 -0.30000000 0.12283741
-0.70000000 -0.20000000 0.10515314
-0.70000000 -0.10000000 0.09027416
-0.70000000 0.00000000 0.07783105
-0.70000000 0.10000000 0.06741597
-0.70000000 0.20000000 0.05866516
-0.70000000 0.30000000 0.05127593
-0.70000000 0.40000000 0.04500288
-0.70000000 0.50000000 0.03964884
-0.70000000 0.60000000 0.03505558
-0.70000000 0.70000000 0.03109574
-0.70000000 0.80000000 0.02766634
-0.70000000 0.90000000 0.02468367
-0.70000000 1.00000000 0.02207924
-0.70000000 1.10000000 0.01979671
-0.70000000 1.20000000 0.01778943
-0.70000000 1.30000000 0.01601860
-0.70000000 1.40000000 0.01445172
-0.70000000 1.50000000 0.01306149
-0.70000000 1.60000000 0.01182479
-0.70000000 1.70000000 0.01072203
-0.70000000 1.80000000 0.00973647
-0.70000000 1.90000000 0.00885380
-0.70000000 2.00000000 0.00806169
-0.60000000 -2.00000000 0.00643962
-0.60000000 -1.90000000 0.00805415
-0.60000000 -1.80000000 0.01012734
-0.60000000 -1.70000000 0.01280791
-0.60000000 -1.60000000 0.01629958
-0.60000000 -1.50000000 0.02088380
-0.60000000 -1.40000000 0.02695265
-0.60000000 -1.30000000 0.03505558
-0.60000000 -1.20000000 0.04596383
-0.60000000 -1.10000000 0.06074991
-0.60000000 -1.00000000 0.08085284
-0.60000000 -0.90000000 0.10799373
-0.60000000 -0.80000000 0.14341115
-0.60000000 -0.70000000 0.18452467
-0.60000000 -0.60000000 0.21544490
-0.60000000 -0.50000000 0.21398945
-0.60000000 -0.40000000 0.19214259
-0.60000000 -0.30000000 0.16636019
-0.60000000 -0.20000000 0.14252238
-0.60000000 -0.10000000 0.12199250
-0.60000000 0.00000000 0.10471890
-0.60000000 0.10000000 0.09027416
-0.60000000 0.20000000 0.07818498
-0.60000000 0.30000000 0.06802884
-0.60000000 0.40000000 0.05945402
-0.60000000 0.50000000 0.05217538
-0.60000000 0.60000000 0.04596383
-0.60000000 0.70000000 0.04063552
-0.60000000 0.80000000 0.03604250
-0.60000000 0.90000000 0.03206516
-0.60000000 1.00000000 0.02860626
-0.60000000 1.10000000 0.02558627
-0.60000000 1.20000000 0.02293977
-0.60000000 1.30000000 0.02061261
-0.60000000 1.40000000 0.01855974
-0.60000000 1.50000000 0.01674344
-0.60000000 1.60000000 0.01513201
-0.60000000 1.70000000 0.01369864
-0.60000000 1.80000000 0.01242059
-0.60000000 1.90000000 0.01127843
-0.60000000 2.00000000 0.01025557
-0.50000000 -2.00000000 0.00573330
-0.50000000 -1.90000000 0.00714926
-0.50000000 -1.80000000 0.00896029
-0.50000000 -1.70000000 0.01129195
-0.50000000 -1.60000000 0.01431532
-0.50000000 -1.50000000 0.01826559
-0.50000000 -1.40000000 0.02346911
-0.50000000 -1.30000000 0.03038252
-0.50000000 -1.20000000 0.03964884
-0.50000000 -1.10000000 0.05217538
-0.50000000 -1.00000000 0.06923124
-0.50000000 -0.90000000 0.09253096
-0.50000000 -0.80000000 0.12414538
-0.50000000 -0.70000000 0.16561121
-0.50000000 -0.60000000 0.21398945
-0.50000000 -0.50000000 0.25060547
-0.50000000 -0.40000000 0.24923797
-0.50000000 -0.30000000 0.22387920
-0.50000000 -0.20000000 0.19385118
-0.50000000 -0.10000000 0.16606582
-0.50000000 0.00000000 0.14213111
-0.50000000 0.10000000 0.12199250
-0.50000000 0.20000000 0.10515314
-0.50000000 0.30000000 0.09106130
-0.50000000 0.40000000 0.07922413
-0.50000000 0.50000000 0.06923124
-0.50000000 0.60000000 0.06074991
-0.50000000 0.70000000 0.05351283
-0.50000000 0.80000000 0.04730551
-0.50000000 0.90000000 0.04195534
-0.50000000 1.00000000 0.03732282
-0.50000000 1.10000000 0.03329452
-0.50000000 1.20000000 0.02977769
-0.50000000 1.30000000 0.02669606
-0.50000000 1.40000000 0.02398649
-0.50000000 1.50000000 0.02159645
-0.50000000 1.60000000 0.01948200
-0.50000000 1.70000000 0.01760617
-0.50000000 1.80000000 0.01593773
-0.50000000 1.90000000 0.01445016
-0.50000000 2.00000000 0.01312084
-0.40000000 -2.00000000 0.00511843
-0.40000000 -1.90000000 0.00636488
-0.40000000 -1.80000000 0.00795328
-0.40000000 -1.70000000 0.00999026
-0.40000000 -1.60000000 0.01262030
-0.40000000 -1.50000000 0.01604106
-0.40000000 -1.40000000 0.02052543
-0.40000000 -1.30000000 0.02645372
-0.40000000 -1.20000000 0.03436061
-0.40000000 -1.10000000 0.04500288
-0.40000000 -1.00000000 0.05945402
-0.40000000 -0.90000000 0.07922413
-0.40000000 -0.80000000 0.10636578
-0.40000000 -0.70000000 0.14337632
-0.40000000 -0.60000000 0.19214259
-0.40000000 -0.50000000 0.24923797
-0.40000000 -0.40000000 0.29256179
-0.40000000 -0.30000000 0.29119329
-0.40000000 -0.20000000 0.26161670
-0.40000000 -0.10000000 0.22652878
-0.40000000 0.00000000 0.19404787
-0.40000000 0.10000000 0.16606582
-0.40000000 0.20000000 0.14252238
-0.40000000 0.30000000 0.12283741
-0.40000000 0.40000000 0.10636578
-0.40000000 0.50000000 0.09253096
-0.40000000 0.60000000 0.08085284
-0.40000000 0.70000000 0.07094219
-0.40000000 0.80000000 0.06248629
-0.40000000 0.90000000 0.05523423
-0.40000000 1.00000000 0.04898415
-0.40000000 1.10000000 0.04357287
-0.40000000 1.20000000 0.03886776
-0.40000000 1.30000000 0.03476037
-0.40000000 1.40000000 0.03116150
-0.40000000 1.50000000 0.02799736
-0.40000000 1.60000000 0.02520653
-0.40000000 1.70000000 0.02273765
-0.40000000 1.80000000 0.02054752
-0.40000000 1.90000000 0.01859962
-0.40000000 2.00000000 0.01686298
-0.30000000 -2.00000000 0.00458109
-0.30000000 -1.90000000 0.00568209
-0.30000000 -1.80000000 0.00708043
-0.30000000 -1.70000000 0.00886712
-0.30000000 -1.60000000 0.01116495
-0.30000000 -1.50000000 0.01414094
-0.30000000 -1.40000000 0.01802457
-0.30000000 -1.30000000 0.02313405
-0.30000000 -1.20000000 0.02991501
-0.30000000 -1.10000000 0.03899706
-0.30000000 -1.00000000 0.05127593
-0.30000000 -0.90000000 0.06802884
-0.30000000 -0.80000000 0.09106130
-0.30000000 -0.70000000 0.12283741
-0.30000000 -0.60000000 0.16636019
-0.30000000 -0.50000000 0.22387920
-0.30000000 -0.40000000 0.29119329
-0.30000000 -0.30000000 0.34192115
-0.30000000 -0.20000000 0.34011760
-0.30000000 -0.10000000 0.30547753
-0.30000000 0.00000000 0.26446880
-0.30000000 0.10000000 0.22652878
-0.30000000 0.20000000 0.19385118
-0.30000000 0.30000000 0.16636019
-0.30000000 0.40000000 0.14337632
-0.30000000 0.50000000 0.12414538
-0.30000000 0.60000000 0.10799373
-0.30000000 0.70000000 0.09436055
-0.30000000 0.80000000 0.08279121
-0.30000000 0.90000000 0.07292049
-0.30000000 1.00000000 0.06445537
-0.30000000 1.10000000 0.05716009
-0.30000000 1.20000000 0.05084411
-0.30000000 1.30000000 0.04535255
-0.30000000 1.40000000 0.04055878
-0.30000000 1.50000000 0.03635865
-0.30000000 1.60000000 0.03266598
-0.30000000 1.70000000 0.02940909
-0.30000000 1.80000000 0.02652799
-0.30000000 1.90000000 0.02397224
-0.30000000 2.00000000 0.02169924
-0.20000000 -2.00000000 0.00410979
-0.20000000 -1.90000000 0.00508542
-0.20000000 -1.80000000 0.00632067
-0.20000000 -1.70000000 0.00789367
-0.20000000 -1.60000000 0.00990931
-0.20000000 -1.50000000 0.01250960
-0.20000000 -1.40000000 0.01588858
-0.20000000 -1.30000000 0.02031401
-0.20000000 -1.20000000 0.02615901
-0.20000000 -1.10000000 0.03394869
-0.20000000 -1.00000000 0.04442870
-0.20000000 -0.90000000 0.05866516
-0.20000000 -0.80000000 0.07818498
-0.20000000 -0.70000000 0.10515314
-0.20000000 -0.60000000 0.14252238
-0.20000000 -0.50000000 0.19385118
-0.20000000 -0.40000000 0.26161670
-0.20000000 -0.30000000 0.34011760
-0.20000000 -0.20000000 0.39744924
-0.20000000 -0.10000000 0.39370372
-0.20000000 0.00000000 0.35303538
-0.20000000 0.10000000 0.30547753
-0.20000000 0.20000000 0.26161670
-0.20000000 0.30000000 0.22387920
-0.20000000 0.40000000 0.19214259
-0.20000000 0.50000000 0.16561121
-0.20000000 0.60000000 0.14341115
-0.20000000 0.70000000 0.12476415
-0.20000000 0.80000000 0.10902303
-0.20000000 0.90000000 0.09566337
-0.20000000 1.00000000 0.08426395
-0.20000000 1.10000000 0.07448680
-0.20000000 1.20000000 0.06606001
-0.20000000 1.30000000 0.05876376
-0.20000000 1.40000000 0.05241937
-0.20000000 1.50000000 0.04688072
-0.20000000 1.60000000 0.04202761
-0.20000000 1.70000000 0.03776060
-0.20000000 1.80000000 0.03399692
-0.20000000 1.90000000 0.03066733
-0.20000000 2.00000000 0.02771361
-0.10000000 -2.00000000 0.00369501
-0.10000000 -1.90000000 0.00456211
-0.10000000 -1.80000000 0.00565676
-0.10000000 -1.70000000 0.00704639
-0.10000000 -1.60000000 0.00882108
-0.10000000 -1.50000000 0.01110222
-0.10000000 -1.40000000 0.01405486
-0.10000000 -1.30000000 0.01790560
-0.10000000 -1.20000000 0.02296861
-0.10000000 -1.10000000 0.02968385
-0.10000000 -1.00000000 0.03867364
-0.10000000 -0.90000000 0.05082601
-0.10000000 -0.80000000 0.06741597
-0.10000000 -0.70000000 0.09027416
-0.10000000 -0.60000000 0.12199250
-0.10000000 -0.50000000 0.16606582
-0.10000000 -0.40000000 0.22652878
-0.10000000 -0.30000000 0.30547753
-0.10000000 -0.20000000 0.39370372
-0.10000000 -0.10000000 0.45170477
-0.10000000 0.00000000 0.44132857
-0.10000000 0.10000000 0.39370372
-0.10000000 0.20000000 0.34011760
-0.10000000 0.30000000 0.29119329
-0.10000000 0.40000000 0.24923797
-0.10000000 0.50000000 0.21398945
-0.10000000 0.60000000 0.18452467
-0.10000000 0.70000000 0.15986264
-0.10000000 0.80000000 0.13913812
-0.10000000 0.90000000 0.12163411
-0.10000000 1.00000000 0.10677037
-0.10000000 1.10000000 0.09408102
-0.10000000 1.20000000 0.08319219
-0.10000000 1.30000000 0.07380293
-0.10000000 1.40000000 0.06566985
-0.10000000 1.50000000 0.05859497
-0.10000000 1.60000000 0.05241632
-0.10000000 1.70000000 0.04700056
-0.10000000 1.80000000 0.04223733
-0.10000000 1.90000000 0.03803471
-0.10000000 2.00000000 0.03431578
0.00000000 -2.00000000 0.00332884
0.00000000 -1.90000000 0.00410157
0.00000000 -1.80000000 0.00507450
0.00000000 -1.70000000 0.00630604
0.00000000 -1.60000000 0.00787395
0.00000000 -1.50000000 0.00988255
0.00000000 -1.40000000 0.01247300
0.00000000 -1.30000000 0.01583819
0.00000000 -1.20000000 0.02024414
0.00000000 -1.10000000 0.02606158
0.00000000 -1.00000000 0.03381231
0.00000000 -0.90000000 0.04423798
0.00000000 -0.80000000 0.05840118
0.00000000 -0.70000000 0.07783105
0.00000000 -0.60000000 0.10471890
0.00000000 -0.50000000 0.14213111
0.00000000 -0.40000000 0.19404787
0.00000000 -0.30000000 0.26446880
0.00000000 -0.20000000 0.35303538
0.00000000 -0.10000000 0.44132857
0.00000000 0.00000000 0.47986033
0.00000000 0.10000000 0.45170477
0.00000000 0.20000000 0.39744924
0.00000000 0.30000000 0.34192115
0.00000000 0.40000000 0.29256179
0.00000000 0.50000000 0.25060547
0.00000000 0.60000000 0.21544490
0.00000000 0.70000000 0.18605311
0.00000000 0.80000000 0.16142524
0.00000000 0.90000000 0.14069754
0.00000000 1.00000000 0.12316121
0.00000000 1.10000000 0.10824463
0.00000000 1.20000000 0.09548915
0.00000000 1.30000000 0.08452642
0.00000000 1.40000000 0.07505955
0.00000000 1.50000000 0.06684800
0.00000000 1.60000000 0.05969574
0.00000000 1.70000000 0.05344210
0.00000000 1.80000000 0.04795457
0.00000000 1.90000000 0.04312327
0.00000000 2.00000000 0.03885652
0.10000000 -2.00000000 0.00300462
0.10000000 -1.90000000 0.00369501
0.10000000 -1.80000000 0.00456211
0.10000000 -1.70000000 0.00565676
0.10000000 -1.60000000 0.00704639
0.10000000 -1.50000000 0.00882108
0.10000000 -1.40000000 0.01110222
0.10000000 -1.30000000 0.01405486
0.10000000 -1.20000000 0.01790560
0.10000000 -1.10000000 0.02296861
0.10000000 -1.00000000 0.02968385
0.10000000 -0.90000000 0.03867364
0.10000000 -0.80000000 0.05082601
0.10000000 -0.70000000 0.06741597
0.10000000 -0.60000000 0.09027416
0.10000000 -0.50000000 0.12199250
0.10000000 -0.40000000 0.16606582
0.10000000 -0.30000000 0.22652878
0.10000000 -0.20000000 0.30547753
0.10000000 -0.10000000 0.39370372
0.10000000 0.00000000 0.45170477
0.10000000 0.10000000 0.44132857
0.10000000 0.20000000 0.39370372
0.10000000 0.30000000 0.34011760
0.10000000 0.40000000 0.29119329
0.10000000 0.50000000 0.24923797
0.10000000 0.60000000 0.21398945
0.10000000 0.70000000 0.18452467
0.10000000 0.80000000 0.15986264
0.10000000 0.90000000 0.13913812
0.10000000 1.00000000 0.12163411
0.10000000 1.10000000 0.10677037
0.10000000 1.20000000 0.09408102
0.10000000 1.30000000 0.08319219
0.10000000 1.40000000 0.07380293
0.10000000 1.50000000 0.06566985
0.10000000 1.60000000 0.05859497
0.10000000 1.70000000 0.05241632
0.10000000 1.80000000 0.04700056
0.10000000 1.90000000 0.04223733
0.10000000 2.00000000 0.03803471
0.20000000 -2.00000000 0.00271677
0.20000000 -1.90000000 0.00333505
0.20000000 -1.80000000 0.00410979
0.20000000 -1.70000000 0.00508542
0.20000000 -1.60000000 0.00632067
0.20000000 -1.50000000 0.00789367
0.20000000 -1.40000000 0.00990931
0.20000000 -1.30000000 0.01250960
0.20000000 -1.20000000 0.01588858
0.20000000 -1.10000000 0.02031401
0.20000000 -1.00000000 0.02615901
0.20000000 -0.90000000 0.03394869
0.20000000 -0.80000000 0.04442870
0.20000000 -0.70000000 0.05866516
0.20000000 -0.60000000 0.07818498
0.20000000 -0.50000000 0.10515314
0.20000000 -0.40000000 0.14252238
0.20000000 -0.30000000 0.19385118
0.20000000 -0.20000000 0.26161670
0.20000000 -0.10000000 0.34011760
0.20000000 0.00000000 0.39744924
0.20000000 0.10000000 0.39370372
0.20000000 0.20000000 0.35303538
0.20000000 0.30000000 0.30547753
0.20000000 0.40000000 0.26161670
0.20000000 0.50000000 0.22387920
0.20000000 0.60000000 0.19214259
0.20000000 0.70000000 0.16561121
0.20000000 0.80000000 0.14341115
0.20000000 0.90000000 0.12476415
0.20000000 1.00000000 0.10902303
0.20000000 1.10000000 0.09566337
0.20000000 1.20000000 0.08426395
0.20000000 1.30000000 0.07448680
0.20000000 1.40000000 0.06606001
0.20000000 1.50000000 0.05876376
0.20000000 1.60000000 0.05241937
0.20000000 1.70000000 0.04688072
0.20000000 1.80000000 0.04202761
0.20000000 1.90000000 0.03776060
0.20000000 2.00000000 0.03399692
0.30000000 -2.00000000 0.00246057
0.30000000 -1.90000000 0.00301548
0.30000000 -1.80000000 0.00370933
0.30000000 -1.70000000 0.00458109
0.30000000 -1.60000000 0.00568209
0.30000000 -1.50000000 0.00708043
0.30000000 -1.40000000 0.00886712
0.30000000 -1.30000000 0.01116495
0.30000000 -1.20000000 0.01414094
0.30000000 -1.10000000 0.01802457
0.30000000 -1.00000000 0.02313405
0.30000000 -0.90000000 0.02991501
0.30000000 -0.80000000 0.03899706
0.30000000 -0.70000000 0.05127593
0.30000000 -0.60000000 0.06802884
0.30000000 -0.50000000 0.09106130
0.30000000 -0.40000000 0.12283741
0.30000000 -0.30000000 0.16636019
0.30000000 -0.20000000 0.22387920
0.30000000 -0.10000000 0.29119329
0.30000000 0.00000000 0.34192115
0.30000000 0.10000000 0.34011760
0.30000000 0.20000000 0.30547753
0.30000000 0.30000000 0.26446880
0.30000000 0.40000000 0.22652878
0.30000000 0.50000000 0.19385118
0.30000000 0.60000000 0.16636019
0.30000000 0.70000000 0.14337632
0.30000000 0.80000000 0.12414538
0.30000000 0.90000000 0.10799373
0.30000000 1.00000000 0.09436055
0.30000000 1.10000000 0.08279121
0.30000000 1.20000000 0.07292049
0.30000000 1.30000000 0.06445537
0.30000000 1.40000000 0.05716009
0.30000000 1.50000000 0.05084411
0.30000000 1.60000000 0.04535255
0.30000000 1.70000000 0.04055878
0.30000000 1.80000000 0.03635865
0.30000000 1.90000000 0.03266598
0.30000000 2.00000000 0.02940909
0.40000000 -2.00000000 0.00223198
0.40000000 -1.90000000 0.00273105
0.40000000 -1.80000000 0.00335381
0.40000000 -1.70000000 0.00413460
0.40000000 -1.60000000 0.00511843
0.40000000 -1.50000000 0.00636488
0.40000000 -1.40000000 0.00795328
0.40000000 -1.30000000 0.00999026
0.40000000 -1.20000000 0.01262030
0.40000000 -1.10000000 0.01604106
0.40000000 -1.00000000 0.02052543
0.40000000 -0.90000000 0.02645372
0.40000000 -0.80000000 0.03436061
0.40000000 -0.70000000 0.04500288
0.40000000 -0.60000000 0.05945402
0.40000000 -0.50000000 0.07922413
0.40000000 -0.40000000 0.10636578
0.40000000 -0.30000000 0.14337632
0.40000000 -0.20000000 0.19214259
0.40000000 -0.10000000 0.24923797
0.40000000 0.00000000 0.29256179
0.40000000 0.10000000 0.29119329
0.40000000 0.20000000 0.26161670
0.40000000 0.30000000 0.22652878
0.40000000 0.40000000 0.19404787
0.40000000 0.50000000 0.16606582
0.40000000 0.60000000 0.14252238
0.40000000 0.70000000 0.12283741
0.40000000 0.80000000 0.10636578
0.40000000 0.90000000 0.09253096
0.40000000 1.00000000 0.08085284
0.40000000 1.10000000 0.07094219
0.40000000 1.20000000 0.06248629
0.40000000 1.30000000 0.05523423
0.40000000 1.40000000 0.04898415
0.40000000 1.50000000 0.04357287
0.40000000 1.60000000 0.03886776
0.40000000 1.70000000 0.03476037
0.40000000 1.80000000 0.03116150
0.40000000 1.90000000 0.02799736
0.40000000 2.00000000 0.02520653
0.50000000 -2.00000000 0.00202757
0.50000000 -1.90000000 0.00247728
0.50000000 -1.80000000 0.00303740
0.50000000 -1.70000000 0.00373823
0.50000000 -1.60000000 0.00461943
0.50000000 -1.50000000 0.00573330
0.50000000 -1.40000000 0.00714926
0.50000000 -1.30000000 0.00896029
0.50000000 -1.20000000 0.01129195
0.50000000 -1.10000000 0.01431532
0.50000000 -1.00000000 0.01826559
0.50000000 -0.90000000 0.02346911
0.50000000 -0.80000000 0.03038252
0.50000000 -0.70000000 0.03964884
0.50000000 -0.60000000 0.05217538
0.50000000 -0.50000000 0.06923124
0.50000000 -0.40000000 0.09253096
0.50000000 -0.30000000 0.12414538
0.50000000 -0.20000000 0.16561121
0.50000000 -0.10000000 0.21398945
0.50000000 0.00000000 0.25060547
0.50000000 0.10000000 0.24923797
0.50000000 0.20000000 0.22387920
0.50000000 0.30000000 0.19385118
0.50000000 0.40000000 0.16606582
0.50000000 0.50000000 0.14213111
0.50000000 0.60000000 0.12199250
0.50000000 0.70000000 0.10515314
0.50000000 0.80000000 0.09106130
0.50000000 0.90000000 0.07922413
0.50000000 1.00000000 0.06923124
0.50000000 1.10000000 0.06074991
0.50000000 1.20000000 0.05351283
0.50000000 1.30000000 0.04730551
0.50000000 1.40000000 0.04195534
0.50000000 1.50000000 0.03732282
0.50000000 1.60000000 0.03329452
0.50000000 1.70000000 0.02977769
0.50000000 1.80000000 0.02669606
0.50000000 1.90000000 0.02398649
0.50000000 2.00000000 0.02159645
0.60000000 -2.00000000 0.00184442
0.60000000 -1.90000000 0.00225037
0.60000000 -1.80000000 0.00275510
0.60000000 -1.70000000 0.00338546
0.60000000 -1.60000000 0.00417647
0.60000000 -1.50000000 0.00517420
0.60000000 -1.40000000 0.00643962
0.60000000 -1.30000000 0.00805415
0.60000000 -1.20000000 0.01012734
0.60000000 -1.10000000 0.01280791
0.60000000 -1.00000000 0.01629958
0.60000000 -0.90000000 0.02088380
0.60000000 -0.80000000 0.02695265
0.60000000 -0.70000000 0.03505558
0.60000000 -0.60000000 0.04596383
0.60000000 -0.50000000 0.06074991
0.60000000 -0.40000000 0.08085284
0.60000000 -0.30000000 0.10799373
0.60000000 -0.20000000 0.14341115
0.60000000 -0.10000000 0.18452467
0.60000000 0.00000000 0.21544490
0.60000000 0.10000000 0.21398945
0.60000000 0.20000000 0.19214259
0.60000000 0.30000000 0.16636019
0.60000000 0.40000000 0.14252238
0.60000000 0.50000000 0.12199250
0.60000000 0.60000000 0.10471890
0.60000000 0.70000000 0.09027416
0.60000000 0.80000000 0.07818498
0.60000000 0.90000000 0.06802884
0.60000000 1.00000000 0.05945402
0.60000000 1.10000000 0.05217538
0.60000000 1.20000000 0.04596383
0.60000000 1.30000000 0.04063552
0.60000000 1.40000000 0.03604250
0.60000000 1.50000000 0.03206516
0.60000000 1.60000000 0.02860626
0.60000000 1.70000000 0.02558627
0.60000000 1.80000000 0.02293977
0.60000000 1.90000000 0.02061261
0.60000000 2.00000000 0.01855974
0.70000000 -2.00000000 0.00167997
0.70000000 -1.90000000 0.00204705
0.70000000 -1.80000000 0.00250269
0.70000000 -1.70000000 0.00307075
0.70000000 -1.60000000 0.00378225
0.70000000 -1.50000000 0.00467790
0.70000000 -1.40000000 0.00581145
0.70000000 -1.30000000 0.00725443
0.70000000 -1.20000000 0.00910279
0.70000000 -1.10000000 0.01148640
0.70000000 -1.00000000 0.01458244
0.70000000 -0.90000000 0.01863484
0.70000000 -0.80000000 0.02398192
0.70000000 -0.70000000 0.03109574
0.70000000 -0.60000000 0.04063552
0.70000000 -0.50000000 0.05351283
0.70000000 -0.40000000 0.07094219
0.70000000 -0.30000000 0.09436055
0.70000000 -0.20000000 0.12476415
0.70000000 -0.10000000 0.15986264
0.70000000 0.00000000 0.18605311
0.70000000 0.10000000 0.18452467
0.70000000 0.20000000 0.16561121
0.70000000 0.30000000 0.14337632
0.70000000 0.40000000 0.12283741
0.70000000 0.50000000 0.10515314
0.70000000 0.60000000 0.09027416
0.70000000 0.70000000 0.07783105
0.70000000 0.80000000 0.06741597
0.70000000 0.90000000 0.05866516
0.70000000 1.00000000 0.05127593
0.70000000 1.10000000 0.04500288
0.70000000 1.20000000 0.03964884
0.70000000 1.30000000 0.03505558
0.70000000 1.40000000 0.03109574
0.70000000 1.50000000 0.02766634
0.70000000 1.60000000 0.02468367
0.70000000 1.70000000 0.02207924
0.70000000 1.80000000 0.01979671
0.70000000 1.90000000 0.01778943
0.70000000 2.00000000 0.01601860
0.80000000 -2.00000000 0.00153206
0.80000000 -1.90000000 0.00186450
0.80000000 -1.80000000 0.00227653
0.80000000 -1.70000000 0.00278936
0.80000000 -1.60000000 0.00343057
0.80000000 -1.50000000 0.00423624
0.80000000 -1.40000000 0.00525388
0.80000000 -1.30000000 0.00654655
0.80000000 -1.20000000 0.00819863
0.80000000 -1.10000000 0.01032390
0.80000000 -1.00000000 0.01307717
0.80000000 -0.90000000 0.01667072
0.80000000 -0.80000000 0.02139793
0.80000000 -0.70000000 0.02766634
0.80000000 -0.60000000 0.03604250
0.80000000 -0.50000000 0.04730551
0.80000000 -0.40000000 0.06248629
0.80000000 -0.30000000 0.08279121
0.80000000 -0.20000000 0.10902303
0.80000000 -0.10000000 0.13913812
0.80000000 0.00000000 0.16142524
0.80000000 0.10000000 0.15986264
0.80000000 0.20000000 0.14341115
0.80000000 0.30000000 0.12414538
0.80000000 0.40000000 0.10636578
0.80000000 0.50000000 0.09106130
0.80000000 0.60000000 0.07818498
0.80000000 0.70000000 0.06741597
0.80000000 0.80000000 0.05840118
0.80000000 0.90000000 0.05082601
0.80000000 1.00000000 0.04442870
0.80000000 1.10000000 0.03899706
0.80000000 1.20000000 0.03436061
0.80000000 1.30000000 0.03038252
0.80000000 1.40000000 0.02695265
0.80000000 1.50000000 0.02398192
0.80000000 1.60000000 0.02139793
0.80000000 1.70000000 0.01914141
0.80000000 1.80000000 0.01716362
0.80000000 1.90000000 0.01542419
0.80000000 2.00000000 0.01388955
0.90000000 -2.00000000 0.00139878
0.90000000 -1.90000000 0.00170031
0.90000000 -1.80000000 0.00207349
0.90000000 -1.70000000 0.00253724
0.90000000 -1.60000000 0.00311614
0.90000000 -1.50000000 0.00384225
0.90000000 -1.40000000 0.00475769
0.90000000 -1.30000000 0.00591825
0.90000000 -1.20000000 0.00739834
0.90000000 -1.10000000 0.00929805
0.90000000 -1.00000000 0.01175311
0.90000000 -0.90000000 0.01494907
0.90000000 -0.80000000 0.01914141
0.90000000 -0.70000000 0.02468367
0.90000000 -0.60000000 0.03206516
0.90000000 -0.50000000 0.04195534
0.90000000 -0.40000000 0.05523423
0.90000000 -0.30000000 0.07292049
0.90000000 -0.20000000 0.09566337
0.90000000 -0.10000000 0.12163411
0.90000000 0.00000000 0.14069754
0.90000000 0.10000000 0.13913812
0.90000000 0.20000000 0.12476415
0.90000000 0.30000000 0.10799373
0.90000000 0.40000000 0.09253096
0.90000000 0.50000000 0.07922413
0.90000000 0.60000000 0.06802884
0.90000000 0.70000000 0.05866516
0.90000000 0.80000000 0.05082601
0.90000000 0.90000000 0.04423798
0.90000000 1.00000000 0.03867364
0.90000000 1.10000000 0.03394869
0.90000000 1.20000000 0.02991501
0.90000000 1.30000000 0.02645372
0.90000000 1.40000000 0.02346911
0.90000000 1.50000000 0.02088380
0.90000000 1.60000000 0.01863484
0.90000000 1.70000000 0.01667072
0.90000000 1.80000000 0.01494907
0.90000000 1.90000000 0.01343481
0.90000000 2.00000000 0.01209871
1.00000000 -2.00000000 0.00127849
1.00000000 -1.90000000 0.00155237
1.00000000 -1.80000000 0.00189086
1.00000000 -1.70000000 0.00231090
1.00000000 -1.60000000 0.00283442
1.00000000 -1.50000000 0.00349000
1.00000000 -1.40000000 0.00431508
1.00000000 -1.30000000 0.00535915
1.00000000 -1.20000000 0.00668805
1.00000000 -1.10000000 0.00839011
1.00000000 -1.00000000 0.01058477
1.00000000 -0.90000000 0.01343481
1.00000000 -0.80000000 0.01716362
1.00000000 -0.70000000 0.02207924
1.00000000 -0.60000000 0.02860626
1.00000000 -0.50000000 0.03732282
1.00000000 -0.40000000 0.04898415
1.00000000 -0.30000000 0.06445537
1.00000000 -0.20000000 0.08426395
1.00000000 -0.10000000 0.10677037
1.00000000 0.00000000 0.12316121
1.00000000 0.10000000 0.12163411
1.00000000 0.20000000 0.10902303
1.00000000 0.30000000 0.09436055
1.00000000 0.40000000 0.08085284
1.00000000 0.50000000 0.06923124
1.00000000 0.60000000 0.05945402
1.00000000 0.70000000 0.05127593
1.00000000 0.80000000 0.04442870
1.00000000 0.90000000 0.03867364
1.00000000 1.00000000 0.03381231
1.00000000 1.10000000 0.02968385
1.00000000 1.20000000 0.02615901
1.00000000 1.30000000 0.02313405
1.00000000 1.40000000 0.02052543
1.00000000 1.50000000 0.01826559
1.00000000 1.60000000 0.01629958
1.00000000 1.70000000 0.01458244
1.00000000 1.80000000 0.01307717
1.00000000 1.90000000 0.01175311
1.00000000 2.00000000 0.01058477
1.10000000 -2.00000000 0.00116976
1.10000000 -1.90000000 0.00141886
1.10000000 -1.80000000 0.00172631
1.10000000 -1.70000000 0.00210732
1.10000000 -1.60000000 0.00258151
1.10000000 -1.50000000 0.00317440
1.10000000 -1.40000000 0.00391938
1.10000000 -1.30000000 0.00486045
1.10000000 -1.20000000 0.00605603
1.10000000 -1.10000000 0.00758433
1.10000000 -1.00000000 0.00955078
1.10000000 -0.90000000 0.01209871
1.10000000 -0.80000000 0.01542419
1.10000000 -0.70000000 0.01979671
1.10000000 -0.60000000 0.02558627
1.10000000 -0.50000000 0.03329452
1.10000000 -0.40000000 0.04357287
1.10000000 -0.30000000 0.05716009
1.10000000 -0.20000000 0.07448680
1.10000000 -0.10000000 0.09408102
1.10000000 0.00000000 0.10824463
1.10000000 0.10000000 0.10677037
1.10000000 0.20000000 0.09566337
1.10000000 0.30000000 0.08279121
1.10000000 0.40000000 0.07094219
1.10000000 0.50000000 0.06074991
1.10000000 0.60000000 0.05217538
1.10000000 0.70000000 0.04500288
1.10000000 0.80000000 0.03899706
1.10000000 0.90000000 0.03394869
1.10000000 1.00000000 0.02968385
1.10000000 1.10000000 0.02606158
1.10000000 1.20000000 0.02296861
1.10000000 1.30000000 0.02031401
1.10000000 1.40000000 0.01802457
1.10000000 1.50000000 0.01604106
1.10000000 1.60000000 0.01431532
1.10000000 1.70000000 0.01280791
1.10000000 1.80000000 0.01148640
1.10000000 1.90000000 0.01032390
1.10000000 2.00000000 0.00929805
1.20000000 -2.00000000 0.00107133
1.20000000 -1.90000000 0.00129817
1.20000000 -1.80000000 0.00157781
1.20000000 -1.70000000 0.00192390
1.20000000 -1.60000000 0.00235405
1.20000000 -1.50000000 0.00289110
1.20000000 -1.40000000 0.00356487
1.20000000 -1.30000000 0.00441461
1.20000000 -1.20000000 0.00549231
1.20000000 -1.10000000 0.00686737
1.20000000 -1.00000000 0.00863318
1.20000000 -0.90000000 0.01091634
1.20000000 -0.80000000 0.01388955
1.20000000 -0.70000000 0.01778943
1.20000000 -0.60000000 0.02293977
1.20000000 -0.50000000 0.02977769
1.20000000 -0.40000000 0.03886776
1.20000000 -0.30000000 0.05084411
1.20000000 -0.20000000 0.06606001
1.20000000 -0.10000000 0.08319219
1.20000000 0.00000000 0.09548915
1.20000000 0.10000000 0.09408102
1.20000000 0.20000000 0.08426395
1.20000000 0.30000000 0.07292049
1.20000000 0.40000000 0.06248629
1.20000000 0.50000000 0.05351283
1.20000000 0.60000000 0.04596383
1.20000000 0.70000000 0.03964884
1.20000000 0.80000000 0.03436061
1.20000000 0.90000000 0.02991501
1.20000000 1.00000000 0.02615901
1.20000000 1.10000000 0.02296861
1.20000000 1.20000000 0.02024414
1.20000000 1.30000000 0.01790560
1.20000000 1.40000000 0.01588858
1.20000000 1.50000000 0.01414094
1.20000000 1.60000000 0.01262030
1.20000000 1.70000000 0.01129195
1.20000000 1.80000000 0.01012734
1.20000000 1.90000000 0.00910279
1.20000000 2.00000000 0.00819863
1.30000000 -2.00000000 0.00098210
1.30000000 -1.90000000 0.00118891
1.30000000 -1.80000000 0.00144358
1.30000000 -1.70000000 0.00175837
1.30000000 -1.60000000 0.00214912
1.30000000 -1.50000000 0.00263630
1.30000000 -1.40000000 0.00324664
1.30000000 -1.30000000 0.00401520
1.30000000 -1.20000000 0.00498836
1.30000000 -1.10000000 0.00622791
1.30000000 -1.00000000 0.00781677
1.30000000 -0.90000000 0.00986711
1.30000000 -0.80000000 0.01253156
1.30000000 -0.70000000 0.01601860
1.30000000 -0.60000000 0.02061261
1.30000000 -0.50000000 0.02669606
1.30000000 -0.40000000 0.03476037
1.30000000 -0.30000000 0.04535255
1.30000000 -0.20000000 0.05876376
1.30000000 -0.10000000 0.07380293
1.30000000 0.00000000 0.08452642
1.30000000 0.10000000 0.08319219
1.30000000 0.20000000 0.07448680
1.30000000 0.30000000 0.06445537
1.30000000 0.40000000 0.05523423
1.30000000 0.50000000 0.04730551
1.30000000 0.60000000 0.04063552
1.30000000 0.70000000 0.03505558
1.30000000 0.80000000 0.03038252
1.30000000 0.90000000 0.02645372
1.30000000 1.00000000 0.02313405
1.30000000 1.10000000 0.02031401
1.30000000 1.20000000 0.01790560
1.30000000 1.30000000 0.01583819
1.30000000 1.40000000 0.01405486
1.30000000 1.50000000 0.01250960
1.30000000 1.60000000 0.01116495
1.30000000 1.70000000 0.00999026
1.30000000 1.80000000 0.00896029
1.30000000 1.90000000 0.00805415
1.30000000 2.00000000 0.00725443
1.40000000 -2.00000000 0.00090110
1.40000000 -1.90000000 0.00108988
1.40000000 -1.80000000 0.00132207
1.40000000 -1.70000000 0.00160875
1.40000000 -1.60000000 0.00196417
1.40000000 -1.50000000 0.00240675
1.40000000 -1.40000000 0.00296044
1.40000000 -1.30000000 0.00365668
1.40000000 -1.20000000 0.00453691
1.40000000 -1.10000000 0.00565629
1.40000000 -1.00000000 0.00708865
1.40000000 -0.90000000 0.00893366
1.40000000 -0.80000000 0.01132658
1.40000000 -0.70000000 0.01445172
1.40000000 -0.60000000 0.01855974
1.40000000 -0.50000000 0.02398649
1.40000000 -0.40000000 0.03116150
1.40000000 -0.30000000 0.04055878
1.40000000 -0.20000000 0.05241937
1.40000000 -0.10000000 0.06566985
1.40000000 0.00000000 0.07505955
1.40000000 0.10000000 0.07380293
1.40000000 0.20000000 0.06606001
1.40000000 0.30000000 0.05716009
1.40000000 0.40000000 0.04898415
1.40000000 0.50000000 0.04195534
1.40000000 0.60000000 0.03604250
1.40000000 0.70000000 0.03109574
1.40000000 0.80000000 0.02695265
1.40000000 0.90000000 0.02346911
1.40000000 1.00000000 0.02052543
1.40000000 1.10000000 0.01802457
1.40000000 1.20000000 0.01588858
1.40000000 1.30000000 0.01405486
1.40000000 1.40000000 0.01247300
1.40000000 1.50000000 0.01110222
1.40000000 1.60000000 0.00990931
1.40000000 1.70000000 0.00886712
1.40000000 1.80000000 0.00795328
1.40000000 1.90000000 0.00714926
1.40000000 2.00000000 0.00643962
1.50000000 -2.00000000 0.00082749
1.50000000 -1.90000000 0.00099998
1.50000000 -1.80000000 0.00121192
1.50000000 -1.70000000 0.00147332
1.50000000 -1.60000000 0.00179701
1.50000000 -1.50000000 0.00219959
1.50000000 -1.40000000 0.00270261
1.50000000 -1.30000000 0.00333426
1.50000000 -1.20000000 0.00413169
1.50000000 -1.10000000 0.00514424
1.50000000 -1.00000000 0.00643781
1.50000000 -0.90000000 0.00810119
1.50000000 -0.80000000 0.01025461
1.50000000 -0.70000000 0.01306149
1.50000000 -0.60000000 0.01674344
1.50000000 -0.50000000 0.02159645
1.50000000 -0.40000000 0.02799736
1.50000000 -0.30000000 0.03635865
1.50000000 -0.20000000 0.04688072
1.50000000 -0.10000000 0.05859497
1.50000000 0.00000000 0.06684800
1.50000000 0.10000000 0.06566985
1.50000000 0.20000000 0.05876376
1.50000000 0.30000000 0.05084411
1.50000000 0.40000000 0.04357287
1.50000000 0.50000000 0.03732282
1.50000000 0.60000000 0.03206516
1.50000000 0.70000000 0.02766634
1.50000000 0.80000000 0.02398192
1.50000000 0.90000000 0.02088380
1.50000000 1.00000000 0.01826559
1.50000000 1.10000000 0.01604106
1.50000000 1.20000000 0.01414094
1.50000000 1.30000000 0.01250960
1.50000000 1.40000000 0.01110222
1.50000000 1.50000000 0.00988255
1.50000000 1.60000000 0.00882108
1.50000000 1.70000000 0.00789367
1.50000000 1.80000000 0.00708043
1.50000000 1.90000000 0.00636488
1.50000000 2.00000000 0.00573330
1.60000000 -2.00000000 0.00076050
1.60000000 -1.90000000 0.00091828
1.60000000 -1.80000000 0.00111194
1.60000000 -1.70000000 0.00135055
1.60000000 -1.60000000 0.00164570
1.60000000 -1.50000000 0.00201236
1.60000000 -1.40000000 0.00246993
1.60000000 -1.30000000 0.00304379
1.60000000 -1.20000000 0.00376729
1.60000000 -1.10000000 0.00468464
1.60000000 -1.00000000 0.00585482
1.60000000 -0.90000000 0.00735712
1.60000000 -0.80000000 0.00929867
1.60000000 -0.70000000 0.01182479
1.60000000 -0.60000000 0.01513201
1.60000000 -0.50000000 0.01948200
1.60000000 -0.40000000 0.02520653
1.60000000 -0.30000000 0.03266598
1.60000000 -0.20000000 0.04202761
1.60000000 -0.10000000 0.05241632
1.60000000 0.00000000 0.05969574
1.60000000 0.10000000 0.05859497
1.60000000 0.20000000 0.05241937
1.60000000 0.30000000 0.04535255
1.60000000 0.40000000 0.03886776
1.60000000 0.50000000 0.03329452
1.60000000 0.60000000 0.02860626
1.60000000 0.70000000 0.02468367
1.60000000 0.80000000 0.02139793
1.60000000 0.90000000 0.01863484
1.60000000 1.00000000 0.01629958
1.60000000 1.10000000 0.01431532
1.60000000 1.20000000 0.01262030
1.60000000 1.30000000 0.01116495
1.60000000 1.40000000 0.00990931
1.60000000 1.50000000 0.00882108
1.60000000 1.60000000 0.00787395
1.60000000 1.70000000 0.00704639
1.60000000 1.80000000 0.00632067
1.60000000 1.90000000 0.00568209
1.60000000 2.00000000 0.00511843
1.70000000 -2.00000000 0.00069948
1.70000000 -1.90000000 0.00084393
1.70000000 -1.80000000 0.00102108
1.70000000 -1.70000000 0.00123911
1.70000000 -1.60000000 0.00150854
1.70000000 -1.50000000 0.00184288
1.70000000 -1.40000000 0.00225964
1.70000000 -1.30000000 0.00278168
1.70000000 -1.20000000 0.00343902
1.70000000 -1.10000000 0.00427135
1.70000000 -1.00000000 0.00533157
1.70000000 -0.90000000 0.00669065
1.70000000 -0.80000000 0.00844429
1.70000000 -0.70000000 0.01072203
1.70000000 -0.60000000 0.01369864
1.70000000 -0.50000000 0.01760617
1.70000000 -0.40000000 0.02273765
1.70000000 -0.30000000 0.02940909
1.70000000 -0.20000000 0.03776060
1.70000000 -0.10000000 0.04700056
1.70000000 0.00000000 0.05344210
1.70000000 0.10000000 0.05241632
1.70000000 0.20000000 0.04688072
1.70000000 0.30000000 0.04055878
1.70000000 0.40000000 0.03476037
1.70000000 0.50000000 0.02977769
1.70000000 0.60000000 0.02558627
1.70000000 0.70000000 0.02207924
1.70000000 0.80000000 0.01914141
1.70000000 0.90000000 0.01667072
1.70000000 1.00000000 0.01458244
1.70000000 1.10000000 0.01280791
1.70000000 1.20000000 0.01129195
1.70000000 1.30000000 0.00999026
1.70000000 1.40000000 0.00886712
1.70000000 1.50000000 0.00789367
1.70000000 1.60000000 0.00704639
1.70000000 1.70000000 0.00630604
1.70000000 1.80000000 0.00565676
1.70000000 1.90000000 0.00508542
1.70000000 2.00000000 0.00458109
1.80000000 -2.00000000 0.00064383
1.80000000 -1.90000000 0.00077621
1.80000000 -1.80000000 0.00093840
1.80000000 -1.70000000 0.00113784
1.80000000 -1.60000000 0.00138405
1.80000000 -1.50000000 0.00168926
1.80000000 -1.40000000 0.00206930
1.80000000 -1.30000000 0.00254480
1.80000000 -1.20000000 0.00314281
1.80000000 -1.10000000 0.00389905
1.80000000 -1.00000000 0.00486107
1.80000000 -0.90000000 0.00609250
1.80000000 -0.80000000 0.00767905
1.80000000 -0.70000000 0.00973647
1.80000000 -0.60000000 0.01242059
1.80000000 -0.50000000 0.01593773
1.80000000 -0.40000000 0.02054752
1.80000000 -0.30000000 0.02652799
1.80000000 -0.20000000 0.03399692
1.80000000 -0.10000000 0.04223733
1.80000000 0.00000000 0.04795457
1.80000000 0.10000000 0.04700056
1.80000000 0.20000000 0.04202761
1.80000000 0.30000000 0.03635865
1.80000000 0.40000000 0.03116150
1.80000000 0.50000000 0.02669606
1.80000000 0.60000000 0.02293977
1.80000000 0.70000000 0.01979671
1.80000000 0.80000000 0.01716362
1.80000000 0.90000000 0.01494907
1.80000000 1.00000000 0.01307717
1.80000000 1.10000000 0.01148640
1.80000000 1.20000000 0.01012734
1.80000000 1.30000000 0.00896029
1.80000000 1.40000000 0.00795328
1.80000000 1.50000000 0.00708043
1.80000000 1.60000000 0.00632067
1.80000000 1.70000000 0.00565676
1.80000000 1.80000000 0.00507450
1.80000000 1.90000000 0.00456211
1.80000000 2.00000000 0.00410979
1.90000000 -2.00000000 0.00059303
1.90000000 -1.90000000 0.00071445
1.90000000 -1.80000000 0.00086308
1.90000000 -1.70000000 0.00104570
1.90000000 -1.60000000 0.00127092
1.90000000 -1.50000000 0.00154983
1.90000000 -1.40000000 0.00189677
1.90000000 -1.30000000 0.00233039
1.90000000 -1.20000000 0.00287510
1.90000000 -1.10000000 0.00356313
1.90000000 -1.00000000 0.00443725
1.90000000 -0.90000000 0.00555467
1.90000000 -0.80000000 0.00699230
1.90000000 -0.70000000 0.00885380
1.90000000 -0.60000000 0.01127843
1.90000000 -0.50000000 0.01445016
1.90000000 -0.40000000 0.01859962
1.90000000 -0.30000000 0.02397224
1.90000000 -0.20000000 0.03066733
1.90000000 -0.10000000 0.03803471
1.90000000 0.00000000 0.04312327
1.90000000 0.10000000 0.04223733
1.90000000 0.20000000 0.03776060
1.90000000 0.30000000 0.03266598
1.90000000 0.40000000 0.02799736
1.90000000 0.50000000 0.02398649
1.90000000 0.60000000 0.02061261
1.90000000 0.70000000 0.01778943
1.90000000 0.80000000 0.01542419
1.90000000 0.90000000 0.01343481
1.90000000 1.00000000 0.01175311
1.90000000 1.10000000 0.01032390
1.90000000 1.20000000 0.00910279
1.90000000 1.30000000 0.00805415
1.90000000 1.40000000 0.00714926
1.90000000 1.50000000 0.00636488
1.90000000 1.60000000 0.00568209
1.90000000 1.70000000 0.00508542
1.90000000 1.80000000 0.00456211
1.90000000 1.90000000 0.00410157
1.90000000 2.00000000 0.00369501
2.00000000 -2.00000000 0.00054661
2.00000000 -1.90000000 0.00065806
2.00000000 -1.80000000 0.00079440
2.00000000 -1.70000000 0.00096176
2.00000000 -1.60000000 0.00116798
2.00000000 -1.50000000 0.00142312
2.00000000 -1.40000000 0.00174019
2.00000000 -1.30000000 0.00213605
2.00000000 -1.20000000 0.00263281
2.00000000 -1.10000000 0.00325954
2.00000000 -1.00000000 0.00405484
2.00000000 -0.90000000 0.00507022
2.00000000 -0.80000000 0.00637483
2.00000000 -0.70000000 0.00806169
2.00000000 -0.60000000 0.01025557
2.00000000 -0.50000000 0.01312084
2.00000000 -0.40000000 0.01686298
2.00000000 -0.30000000 0.02169924
2.00000000 -0.20000000 0.02771361
2.00000000 -0.10000000 0.03431578
2.00000000 0.00000000 0.03885652
2.00000000 0.10000000 0.03803471
2.00000000 0.20000000 0.03399692
2.00000000 0.30000000 0.02940909
2.00000000 0.40000000 0.02520653
2.00000000 0.50000000 0.02159645
2.00000000 0.60000000 0.01855974
2.00000000 0.70000000 0.01601860
2.00000000 0.80000000 0.01388955
2.00000000 0.90000000 0.01209871
2.00000000 1.00000000 0.01058477
2.00000000 1.10000000 0.00929805
2.00000000 1.20000000 0.00819863
2.00000000 1.30000000 0.00725443
2.00000000 1.40000000 0.00643962
2.00000000 1.50000000 0.00573330
2.00000000 1.60000000 0.00511843
2.00000000 1.70000000 0.00458109
2.00000000 1.80000000 0.00410979
2.00000000 1.90000000 0.00369501
2.00000000 2.00000000 0.00332884
